global link
global chain

link(1).name  = 'Torso';

link(1).mother = 0;
link(1).sister = 0;
link(1).child  = 2;

link(1).m  = 1.0496;
link(1).c  = [ -0.00413; 0; 0.04342 ];
link(1).I  = [  0.0050623407587,   1.4311580344E-05, 0.00015519082081;
                1.4311580344E-05,  0.0048801358789, -2.7079340725E-05;
                0.00015519082081, -2.7079340725E-05, 0.001610300038 ];

link(1).a  = [0; 0; 0];
link(1).b  = [0; 0; 0];

link(1).e = [0; 0; 0];

link(1).p  = [0; 0; 0];
link(1).R  = eye(3);

link(2).name  = 'RHipYawPitch';

link(2).mother = 1;
link(2).sister = 8;
link(2).child  = 3;

link(2).m  = 0.06981;
link(2).c  = [ -0.00781; 0.01114; 0.02661 ];
link(2).I  = [  8.9971952548E-05,  5.0021899369E-06,  1.2735249584E-05;
                5.0021899369E-06,  0.00010552610911, -2.7700800274E-05;
                1.2735249584E-05, -2.7700800274E-05,  6.6887238063E-05 ];

link(2).a  = [0; 1/sqrt(2); 1/sqrt(2)];
link(2).b  = [0; -0.05; -0.085];

link(2).q_min = -65.62 * pi/180;
link(2).q_max =  42.44 * pi/180;

link(3).name  = 'RHipRoll';

link(3).mother  = 2;
link(3).sister  = 0;
link(3).child   = 4;

link(3).m  = 0.14053;
link(3).c  = [ -0.01549; -0.00029; -0.00515 ];
link(3).I  = [  2.7586540455E-05, -1.91900007E-08,   -4.108219855E-06;
               -1.91900007E-08,    9.8269956652E-05,  2.5099999856E-09;
               -4.108219855E-06,   2.5099999856E-09,  8.8103319285E-05 ];

link(3).a  = [1; 0; 0];
link(3).b  = [0; 0; 0];

link(3).q_min = -45.29 * pi/180;
link(3).q_max =  21.74 * pi/180;

link(4).name  = 'RHipPitch';

link(4).mother  = 3;
link(4).sister  = 0;
link(4).child   = 5;

link(4).m  = 0.38968;
link(4).c  = [  0.00138; -0.00221; -0.05373 ];
link(4).I  = [  0.0016374820843,  -8.3954000729E-07,  8.5883009888E-05;
               -8.3954000729E-07,  0.0015922139864,  -3.9176258724E-05;
                8.5883009888E-05, -3.9176258724E-05,  0.00030397824594 ];

link(4).a  = [0; 1; 0];
link(4).b  = [0; 0; 0];

link(4).q_min = -88.00 * pi/180;
link(4).q_max =  27.73 * pi/180;

link(5).name  = 'RKneePitch';

link(5).mother  = 4;
link(5).sister  = 0;
link(5).child   = 6;

link(5).m  = 0.30142;
link(5).c  = [  0.00453; -0.00225; -0.04936 ];
link(5).I  = [  0.001182896119,   -8.96500012E-07,    2.7996900826E-05;
               -8.96500012E-07,    0.0011282785563,  -3.8476038753E-05;
                2.7996900826E-05, -3.8476038753E-05,  0.00019145276747 ];

link(5).a  = [0; 1; 0];
link(5).b  = [0; 0; -0.1];

link(5).q_min =  -5.29 * pi/180;
link(5).q_max = 121.04 * pi/180;

link(6).name  = 'RAnklePitch';

link(6).mother  = 5;
link(6).sister  = 0;
link(6).child   = 7;

link(6).m  = 0.13416;
link(6).c  = [ 0.00045; -0.00029; 0.00685 ];
link(6).I  = [ 3.8508129364E-05,  6.4339999994E-08,  3.8746597966E-06;
               6.4339999994E-08,  7.4310817581E-05, -4.5799999349E-09;
               3.8746597966E-06, -4.5799999349E-09,  5.491311822E-05 ];

link(6).a  = [0; 1; 0];
link(6).b  = [0; 0; -0.1029];

link(6).q_min = -67.97 * pi/180;
link(6).q_max =  53.40 * pi/180;

link(7).name  = 'RAnkleRoll';

link(7).mother  = 6;
link(7).sister  = 0;
link(7).child   = 0;

link(7).m  = 0.17184;
link(7).c  = [ 0.02542; -0.0033; -0.03239 ];
link(7).I  = [ 0.00026930202148,  5.8750501921E-06,  0.00013913327712;
               5.8750501921E-06,  0.00064347387524, -1.8849170374E-05;
               0.00013913327712, -1.8849170374E-05,  0.00052503478946 ];

link(7).a  = [1; 0; 0];
link(7).b  = [0; 0; 0];

link(7).e  = [0; 0; -0.04519];

link(7).q_min = -44.06 * pi/180;
link(7).q_max =  22.80 * pi/180;

link(8).name  = 'LHipYawPitch';

link(8).mother  = 1;
link(8).sister  = 14;
link(8).child   = 9;

link(8).m  = 0.06981;
link(8).c  = [ -0.00781; -0.01114; 0.02661 ];
link(8).I  = [  8.1502330431E-05, -4.9944901548E-06, 1.2748169866E-05;
               -4.9944901548E-06,  0.00010132555326, 2.3454740585E-05;
                1.2748169866E-05,  2.3454740585E-05, 6.2623628764E-05 ];

link(8).a  = [0; 1/sqrt(2); -1/sqrt(2)];
link(8).b  = [0; 0.05; -0.085];

link(8).q_min = -65.62 * pi/180;
link(8).q_max =  42.44 * pi/180;

link(9).name  = 'LHipRoll';

link(9).mother  = 8;
link(9).sister  = 0;
link(9).child   = 10;

link(9).m  = 0.14053;
link(9).c  = [ -0.01549; 0.00029; -0.00515 ];
link(9).I  = [  2.7583539122E-05, -2.2329999183E-08, -4.0816398723E-06;
               -2.2329999183E-08,  9.8270553281E-05, -4.1899999026E-09;
               -4.0816398723E-06, -4.1899999026E-09,  8.8099732238E-05 ];

link(9).a  = [1; 0; 0];
link(9).b  = [0; 0; 0];

link(9).q_min = -21.74 * pi/180;
link(9).q_max =  45.29 * pi/180;

link(10).name = 'LHipPitch';

link(10).mother = 9;
link(10).sister = 0;
link(10).child  = 11;

link(10).m  = 0.38968;
link(10).c  = [ 0.00138; 0.00221; -0.05373 ];
link(10).I  = [ 0.001636719564,   9.2451000455E-07, 8.5306681285E-05;
                9.2451000455E-07, 0.001591072767,   3.8361598854E-05;
                8.5306681285E-05, 3.8361598854E-05, 0.00030374340713 ];

link(10).a = [0; 1; 0];
link(10).b = [0; 0; 0];

link(10).q_min = -88.00 * pi/180;
link(10).q_max =  27.73 * pi/180;

link(11).name = 'LKneePitch';

link(11).mother = 10;
link(11).sister = 0;
link(11).child  = 12;

link(11).m  = 0.30142;
link(11).c  = [  0.00453; 0.00225; -0.04936 ];
link(11).I  = [ 0.0011820796644,  6.3362000446E-07, 3.6496971006E-05;
                6.3362000446E-07, 0.0011286522495,  3.949522943E-05;
                3.6496971006E-05, 3.949522943E-05,  0.00019322744629 ];

link(11).a = [0; 1; 0];
link(11).b = [0; 0; -0.1];

link(11).q_min =  -5.29 * pi/180;
link(11).q_max = 121.04 * pi/180;

link(12).name = 'LAnklePitch';

link(12).mother = 11;
link(12).sister = 0;
link(12).child  = 13;

link(12).m  = 0.13416;
link(12).c  = [  0.00045; 0.00029; 0.00685 ];
link(12).I  = [  3.8509781007E-05, -2.6340000403E-08, 3.8619400584E-06;
                -2.6340000403E-08,  7.4265262811E-05, 1.8339999741E-08;
                 3.8619400584E-06,  1.8339999741E-08, 5.4865398852E-05 ];

link(12).a = [0; 1; 0];
link(12).b = [0; 0; -0.1029];

link(12).q_min = -68.15 * pi/180;
link(12).q_max =  52.86 * pi/180;

link(13).name = 'LAnkleRoll';

link(13).mother = 12;
link(13).sister = 0;
link(13).child  = 0;

link(13).m  = 0.17184;
link(13).c  = [  0.02542; 0.0033; -0.03239 ];
link(13).I  = [  0.00026944180718, -5.6957201195E-06, 0.00013937948097;
                -5.6957201195E-06,  0.00064434250817, 1.8740920495E-05;
                 0.00013937948097,  1.8740920495E-05, 0.00052575673908 ];

link(13).a = [1; 0; 0];
link(13).b = [0; 0; 0];

link(13).e  = [0; 0; -0.04519];

link(13).q_min = -22.79 * pi/180;
link(13).q_max =  44.06 * pi/180;

link(14).name = 'HeadYaw';

link(14).mother = 1;
link(14).sister = 16;
link(14).child  = 15;

link(14).m  = 0.07842;
link(14).c  = [ -1E-05; 0; -0.02742 ];
link(14).I  = [  7.4992953159E-05,  1.5700000189E-09, -1.8339999741E-08;
                 1.5700000189E-09,  7.5999952969E-05, -5.294999994E-08;
                -1.8339999741E-08, -5.294999994E-08,   5.5337300182E-06 ];

link(14).a = [0; 0; 1];
link(14).b = [0; 0; 0.1265];

link(14).q_min = -119.5 * pi/180;
link(14).q_max =  119.5 * pi/180;

link(15).name = 'HeadPitch';

link(15).mother = 14;
link(15).sister = 0;
link(15).child  = 0;

link(15).m  = 0.60533;
link(15).c  = [ -0.00112; 0; 0.05258 ];
link(15).I  = [  0.0026312952396,   8.788139894E-06,  4.0984661609E-05;
                 8.788139894E-06,   0.0024911249056, -2.995792056E-05;
                 4.0984661609E-05, -2.995792056E-05,  0.00098573567811 ];

link(15).a = [0; 1; 0];
link(15).b = [0; 0; 0];

link(15).e = [0.05871; 0; 06364];

link(15).q_min = -38.5 * pi/180;
link(15).q_max =  29.5 * pi/180;

link(16).name = 'RShoulderPitch';

link(16).mother = 1;
link(16).sister = 21;
link(16).child  = 17;

link(16).m  = 0.09304;
link(16).c  = [ -0.00165; 0.02663; 0.00014 ];
